.Random.seed <-
c(403L, 10L, -1664797087L, 19443699L, 199541346L, 1920169172L, 
496326103L, -165617715L, 1286151012L, -1853407414L, 404285109L, 
-599720433L, 2010165014L, 573176256L, 567822723L, -1913884767L, 
-725106800L, -826399634L, 828510745L, 1707924139L, 1340055194L, 
-1236714916L, -98826401L, -1341105867L, 185137356L, -2146450910L, 
-960701315L, -1573354121L, 892119710L, -8115880L, 1241075899L, 
1451855449L, 1625742824L, -2069305322L, -1524427887L, -181232573L, 
-59468974L, 1754052580L, 948504103L, -1993490819L, -777863308L, 
-1557621926L, 573392293L, 821682623L, -543159738L, -1270593328L, 
727114483L, 357856273L, -1211768256L, -905742818L, -1048829719L, 
820617755L, -1570078166L, 240420172L, 277432079L, 1235610181L, 
1340759036L, -1080384942L, -942932019L, 317290887L, -1364366226L, 
194090056L, -1880740277L, -836828247L, -126088456L, -431448538L, 
-521169087L, 12049619L, 632602754L, 277446324L, -654902729L, 
-733527763L, 774410820L, 564760426L, 1087093717L, 256490863L, 
-1797642122L, 159581088L, 35337315L, 1318232321L, -1918702480L, 
746031118L, 2048931961L, -174376949L, 1747245370L, -794671044L, 
1359978367L, 14570709L, -1079760660L, -1221270974L, -1693653603L, 
742653975L, -903170690L, 284035896L, -407423973L, 1751412089L, 
-1165460536L, 1097295862L, -1421301199L, 954514531L, -1542536142L, 
-1837530748L, 448456647L, -1163957603L, -1223222764L, 1463490746L, 
1456366853L, 1442164447L, 1258681190L, -1084534032L, 1927066131L, 
361257905L, 625591904L, -1100299266L, -1996661879L, -2133070661L, 
-1697740662L, 1799691116L, -1264910097L, -943764699L, 310408668L, 
967078834L, -1591108947L, 1790906983L, -416288370L, -1569933720L, 
480895595L, 383810569L, -1325776232L, -637127226L, 354276641L, 
269309363L, -2128060126L, -1117512940L, 2036622231L, 1184517005L, 
-9087324L, -1516775286L, 350052085L, -659537585L, 1281601110L, 
-1317882624L, 1139986499L, 1081443297L, -1754793136L, -468251218L, 
-885013671L, -699340437L, 2066067674L, -1045071460L, -1114864225L, 
21182453L, -1716734324L, 776004450L, 506186557L, -206906441L, 
-1981444002L, -1954427496L, -563947269L, 726934681L, 123331880L, 
359523286L, 978294865L, 537377539L, -1222288750L, 1574750244L, 
-1109731609L, 9161533L, 246387636L, -1951195110L, -1950981275L, 
-1885168129L, 1109561478L, 479042576L, -614777165L, 1522093393L, 
-2081979136L, 123219934L, -1717883863L, 228592603L, -1824526102L, 
1373970060L, 1098195407L, -104417915L, -1797108164L, 1298842386L, 
1110024205L, 419758919L, -1995622098L, 1397878920L, 1726190987L, 
-1590456983L, -1465254088L, 878961126L, 514782593L, 1747069203L, 
2100422338L, 951386484L, 74373495L, 1399319149L, -1525308156L, 
1513373738L, -1665163883L, 1084744239L, -1536594122L, -632000672L, 
-2012195421L, 1940479681L, 359061168L, 440324558L, -685177543L, 
-2068620981L, -792483078L, -1843065860L, 603073599L, 720794901L, 
1220992556L, -950476030L, 1686577117L, -1795974441L, -206826050L, 
-742395912L, 967453659L, -978893255L, -2081067128L, -1921765578L, 
1962438001L, 532383651L, -410398990L, 1842118076L, 528420466L, 
-1307798544L, 312585796L, -601903016L, -501008326L, -193011600L, 
-1812744132L, -390651628L, -806722878L, -1464146208L, 2134628476L, 
-332958000L, -1577518686L, 600983592L, -3683572L, -1757148740L, 
1195627314L, -277390656L, -911954892L, 995626696L, -1540238150L, 
-1298278768L, -37232916L, 540535380L, -216231278L, -886646496L, 
-1693990452L, -1980423456L, 1606250690L, -149509080L, -1534568532L, 
1602509500L, -2000917518L, 1623029296L, 1785036708L, -585028168L, 
-2037209254L, 568266896L, -1481434244L, -440532716L, 1380137282L, 
1661542656L, -2035438148L, -117350064L, 1895987490L, 1779071560L, 
-1822076916L, 884602460L, 1173440978L, 1339373056L, 1217426772L, 
-763589400L, 1305731322L, -1925994800L, -903943380L, 48984308L, 
92871058L, 1250352480L, 912264204L, 563674336L, -2124529054L, 
1746355368L, -1312342964L, 843667324L, 670677298L, -1503038864L, 
1599468356L, 1966904280L, -1434934406L, -1898084304L, 1574858684L, 
-84090284L, 1831833666L, 614002336L, 1194033852L, -1752544304L, 
951237986L, 1092656872L, 1647656140L, -1603137028L, -1758732814L, 
-664624000L, -246650380L, -1388897656L, 799558458L, 1200172368L, 
-570479508L, 1860052372L, 523878482L, 228163040L, 160568524L, 
1799847584L, 521695618L, 2069248232L, 1138997996L, 1392067900L, 
1187336306L, 456233584L, -898717148L, -1596499912L, -1303566054L, 
793461968L, 1477347644L, -1207336044L, 1531787138L, -789263424L, 
-379410884L, -1720229488L, 1773574178L, -846895864L, -590260084L, 
593997596L, -264694638L, 1732638080L, 395325460L, 1492342568L, 
-1764587974L, -553774640L, 879679852L, 955724724L, 1312238098L, 
1515153376L, -94123572L, -936781600L, 1498541090L, 207573800L, 
-995468788L, -1919311044L, 2056839154L, 1680265968L, -547243452L, 
-915411368L, 2019063610L, 2099974128L, -577289540L, -145500908L, 
-250716990L, -1490957216L, -721881732L, -812806192L, 923500834L, 
1453348520L, -613689460L, 436671676L, -1117009102L, -480311744L, 
-1185712972L, 680502344L, 1307190714L, 184855056L, 1256996076L, 
-1032568492L, -1675554030L, 606612896L, -619283764L, 1917549152L, 
553238466L, -669691096L, 719305132L, -912028356L, 993196914L, 
276217136L, 2010064676L, 1087046968L, 1439696602L, -965165168L, 
-1011361028L, 891177876L, -1272961982L, -1611631360L, 1376319548L, 
1228995920L, 336630946L, 585689928L, 610950924L, 794992348L, 
786788178L, 587347584L, 2087311444L, -19815448L, -1867162886L, 
160810320L, 1190440748L, -1632058508L, 110195602L, 342598240L, 
55654284L, -564807840L, -1542474782L, 1331129256L, 992050380L, 
-1327842820L, 1823418290L, -1184188944L, 437982660L, -1404704424L, 
1955405178L, 550903216L, 1012593596L, 485310548L, 1387630530L, 
1797640224L, -1019006788L, 1986595408L, 1025972194L, -1499185560L, 
951488076L, 1035051260L, -1270945806L, 1528890624L, -99593356L, 
-96186360L, 1022103994L, -14619184L, -1282165780L, -1755952236L, 
-1856132142L, 1062938464L, -1970716340L, -956329696L, -1181859966L, 
417474280L, -1065543444L, -840886724L, 1049850738L, 696964720L, 
428634076L, -320198579L, -977851465L, -363055808L, -864652258L, 
1019491051L, -184034707L, 1524566746L, -1415900520L, 1785573633L, 
-1051871565L, -1673403948L, -1005727518L, 37349751L, 1400010945L, 
1701086278L, -82850940L, -1913373387L, -1986057441L, 2003213944L, 
1393001302L, 1097468387L, -898048091L, 1591377474L, 85099568L, 
2045532249L, -580414005L, 840103484L, -951646102L, -1108684129L, 
-964534487L, 1243497406L, 582070956L, 2025291773L, 212297543L, 
-2041067472L, -2080177842L, 1443260795L, 1109135069L, 1420658442L, 
-1525555672L, -1859369327L, 1522126467L, 33124228L, -842783310L, 
-1554814201L, 755155281L, 83556566L, 1199961524L, -875556411L, 
1509892367L, -394788984L, -1761890650L, -879149485L, -1686675531L, 
475827474L, 542275296L, -452113591L, 365520251L, -131960756L, 
510757338L, 645276623L, 340413849L, 1910986158L, 1672659644L, 
-64969939L, -1271172905L, -567748320L, 486506110L, 1642899531L, 
-1776184755L, -312455046L, -2123202376L, -1160768927L, 404736019L, 
-439933388L, -930189246L, -381284265L, 1551090593L, -268770202L, 
-1946153884L, 240715669L, -599134017L, 1987866712L, -799468426L, 
-532538237L, 1196633285L, 113986018L, 1476612176L, -1574489735L, 
79283883L, -459706852L, 152856906L, -50083521L, 895160201L, -114471010L, 
1845780044L, -1823586275L, 111024551L, 686161104L, -508797330L, 
510257435L, 1752918653L, -475590550L, -340116216L, -1535374927L, 
-2018427357L, 370113316L, -890967086L, -976013273L, -292982159L, 
8460470L, 507355220L, 1780302053L, 276684015L, -182824920L, 95618182L, 
1269493427L, -1085394923L, -522100110L, 1149865664L, -1985019095L, 
835662235L, 1406076524L, -979711366L, -1565987921L, 1970155193L, 
1345323214L, -213919204L, -1157238387L, 56131575L, 2049565440L, 
-65234594L, -2133370325L, 658527533L, 1928202650L, -1470617768L, 
1110183617L, -208105101L, 1389116052L, -1701658846L, -563393993L, 
454999809L, 520410630L, 1532546116L, 1960717685L, -121401121L, 
1190294584L, 1822839830L, -204811229L, 1826092005L, -1440614910L, 
